A1 = [
   -1.3791    0.6494    0.0606
    0.1599   -1.3973   -0.5910]

A2 = [
    0.6827   -0.9140   -0.6783
   -1.1811   -0.3062    0.5223]


A3 = [
    0.9622   -0.2409   -0.8819
   -1.1338    0.5671   -0.3932]

A4 = [
   -1.3433    0.0061   -0.7231
    0.1444    0.7015    1.3470]

A5 = [
   -0.3914   -1.2575   -0.1644
   -0.8540    0.9061    0.4596]

A6 =[
   -0.6102   -1.1583   -0.2178
    0.4668    0.7066   -1.0219]
A7=[
    1.0753   -0.6331   -1.2320
   -0.4730    1.6882   -0.0325];

A8 = [
    0.9946    0.7509   -0.4567
   -0.4191   -1.0452   -0.7026];